Arusha Tanzania 65.0 55.0 70.0 58.0 67.0 79.0 75.0 62.0 58.0 70.0 80.0 78.0 
Athens Greece 65.0 55.0 70.0 58.0 67.0 79.0 75.0 62.0 58.0 70.0 80.0 78.0 
Bali Indonesia 65.0 55.0 70.0 58.0 67.0 79.0 75.0 62.0 58.0 70.0 80.0 78.0 
DarEsSalaam Tanzania 65.0 55.0 70.0 58.0 67.0 79.0 75.0 62.0 58.0 70.0 80.0 78.0 
Dubai UAE 65.0 55.0 70.0 58.0 67.0 79.0 75.0 62.0 58.0 70.0 80.0 78.0 
Dublin NorthernIreland 65.0 55.0 70.0 58.0 67.0 79.0 75.0 62.0 58.0 70.0 80.0 78.0 
London UK 65.0 55.0 70.0 58.0 67.0 79.0 75.0 62.0 58.0 70.0 80.0 78.0 
Manila Philippines 65.0 55.0 70.0 58.0 67.0 79.0 75.0 62.0 58.0 70.0 80.0 78.0 
Marrakesh Morocco 65.0 55.0 70.0 58.0 67.0 79.0 75.0 62.0 58.0 70.0 80.0 78.0 
Miami USA 65.0 55.0 70.0 58.0 67.0 79.0 75.0 62.0 58.0 70.0 80.0 78.0 
Moscow Russia 65.0 55.0 70.0 58.0 67.0 79.0 75.0 62.0 58.0 70.0 80.0 78.0 
Moscow USA 65.0 55.0 70.0 58.0 67.0 79.0 75.0 62.0 58.0 70.0 80.0 78.0 
Mumbai India 65.0 55.0 70.0 58.0 67.0 79.0 75.0 62.0 58.0 70.0 80.0 78.0 
NewYork USA 65.0 55.0 70.0 58.0 67.0 79.0 75.0 62.0 58.0 70.0 80.0 78.0 
Paris France 65.0 55.0 70.0 58.0 67.0 79.0 75.0 62.0 58.0 70.0 80.0 78.0 
Riyadh SaudiArabia 65.0 55.0 70.0 58.0 67.0 79.0 75.0 62.0 58.0 70.0 80.0 78.0 
Sydney Australia 65.0 55.0 70.0 58.0 67.0 79.0 75.0 62.0 58.0 70.0 80.0 78.0 
Sydney Canada 65.0 55.0 70.0 58.0 67.0 79.0 75.0 62.0 58.0 70.0 80.0 78.0 
Tokyo Japan 65.0 55.0 70.0 58.0 67.0 79.0 75.0 62.0 58.0 70.0 80.0 78.0 
Waterloo Canada 65.0 55.0 70.0 58.0 67.0 79.0 75.0 62.0 58.0 70.0 80.0 78.0 
Waterloo Belgium 65.0 55.0 70.0 58.0 67.0 79.0 75.0 62.0 58.0 70.0 80.0 78.0 
